77,23,18,82
